+-------------------------------------------------------------------------------------------------------------------------------------------------------------------------------------------------------------------------------------------+
; Legal Partition Candidates                                                                                                                                                                                                                ;
+--------------------------------------+-------+----------------+--------------+----------------+--------+-----------------+---------------+-----------------+-------+----------------+--------------+------------------+-------------------+
; Hierarchy                            ; Input ; Constant Input ; Unused Input ; Floating Input ; Output ; Constant Output ; Unused Output ; Floating Output ; Bidir ; Constant Bidir ; Unused Bidir ; Input only Bidir ; Output only Bidir ;
+--------------------------------------+-------+----------------+--------------+----------------+--------+-----------------+---------------+-----------------+-------+----------------+--------------+------------------+-------------------+
; mixerN3_vhd                          ; 31    ; 4              ; 0            ; 4              ; 10     ; 4               ; 4             ; 4               ; 0     ; 0              ; 0            ; 0                ; 0                 ;
; mixerN2_vhd                          ; 21    ; 0              ; 0            ; 0              ; 10     ; 0               ; 0             ; 0               ; 0     ; 0              ; 0            ; 0                ; 0                 ;
; \hex_display_array:0:sevenSegROM_vhd ; 6     ; 56             ; 0            ; 56             ; 64     ; 56              ; 56            ; 56              ; 0     ; 0              ; 0            ; 0                ; 0                 ;
; \hex_display_array:1:sevenSegROM_vhd ; 6     ; 56             ; 0            ; 56             ; 64     ; 56              ; 56            ; 56              ; 0     ; 0              ; 0            ; 0                ; 0                 ;
; \hex_display_array:2:sevenSegROM_vhd ; 6     ; 61             ; 0            ; 61             ; 64     ; 61              ; 61            ; 61              ; 0     ; 0              ; 0            ; 0                ; 0                 ;
; \hex_display_array:3:sevenSegROM_vhd ; 6     ; 61             ; 0            ; 61             ; 64     ; 61              ; 61            ; 61              ; 0     ; 0              ; 0            ; 0                ; 0                 ;
; \hex_display_array:4:sevenSegROM_vhd ; 6     ; 61             ; 0            ; 61             ; 64     ; 61              ; 61            ; 61              ; 0     ; 0              ; 0            ; 0                ; 0                 ;
; \hex_display_array:5:sevenSegROM_vhd ; 6     ; 61             ; 0            ; 61             ; 64     ; 61              ; 61            ; 61              ; 0     ; 0              ; 0            ; 0                ; 0                 ;
; reg32n_vhd                           ; 44    ; 55             ; 0            ; 55             ; 32     ; 55              ; 55            ; 55              ; 0     ; 0              ; 0            ; 0                ; 0                 ;
; reg3232_vhd                          ; 44    ; 55             ; 0            ; 55             ; 32     ; 55              ; 55            ; 55              ; 0     ; 0              ; 0            ; 0                ; 0                 ;
; sync_rom_vhd                         ; 9     ; 0              ; 0            ; 0              ; 6      ; 0               ; 0             ; 0               ; 0     ; 0              ; 0            ; 0                ; 0                 ;
; rom3232_vhd                          ; 6     ; 22             ; 0            ; 22             ; 32     ; 22              ; 22            ; 22              ; 0     ; 0              ; 0            ; 0                ; 0                 ;
+--------------------------------------+-------+----------------+--------------+----------------+--------+-----------------+---------------+-----------------+-------+----------------+--------------+------------------+-------------------+
